3 0.999999992792383 -7.522721682003244e-05 -1.2230414980635772e-06 -9.356604026267822e-05 0.003255837126975739 -0.004256695636132201 -0.8739944899456631 1 0013.jpg

5 0.9999999630909957 -0.00010199278588551928 0.0002212195375390828 -0.00012032204859481484 0.04109615950117162 -0.018554368832782484 -1.5264174014303404 1 0014.jpg

7 0.9999994308555012 0.000810375474108718 -0.00019825241226746043 -0.0006650385292531009 0.07447092853885058 -0.03802667304068809 -2.5546640397973017 1 0015.jpg

9 0.999998770033277 0.001333094538188363 -4.750173219487096e-05 -0.000824945131356687 0.0623878472839064 -0.018491774323800732 -3.5188639995701467 1 0016.jpg

11 0.9999764062411721 -0.0013000975087529283 0.00579924962764783 -0.0034446206195999133 0.009821833758033924 -0.023863031157987054 -3.976751266266666 1 0017.jpg

13 0.9999794352665135 0.0008215536696160842 0.005484807926192626 -0.0032203999199508977 0.02193332239284233 0.0005012470086117757 -5.003156300177263 1 0018.jpg

15 0.9999803365272963 0.00019760736719700862 0.005506812823372334 -0.002993747252370694 0.023519227331938126 0.0031096017727305523 -5.973907663316126 1 0019.jpg

17 0.9999675287053015 -0.0007594789002647068 0.007354256332114449 -0.00320618786288779 -0.02974610463923419 -0.0038123076512888965 -7.035019235809783 1 0020.jpg

19 0.9999746197786887 0.0007102410827808384 0.006406598901846668 -0.0030349376567923676 0.00998642588309886 0.011279419681698252 -8.049945320704838 1 0021.jpg

21 0.9999729666370275 0.00016612744137451698 0.0067649030381116875 -0.0028765402307204648 0.001436345396637018 0.007863802015702746 -8.950444581436992 1 0022.jpg

23 0.9999693957049962 -0.0006642354412874042 0.007283835069357671 -0.0027770832440217994 -0.013431510164857597 -0.0034681731791831633 -9.965547413384437 1 0023.jpg

25 0.9999728446378082 0.0009379391367865329 0.006768187666966163 -0.002760777580486487 0.0061565581845124395 0.027400577808079828 -10.943827516132135 1 0024.jpg

27 0.9999738935762722 0.0003704550051471649 0.006689463089729712 -0.002706660778415468 0.009670454637416807 0.019074127575139762 -11.873816193691873 1 0025.jpg

29 0.999971930120633 -0.00058931440780966 0.00689057247821368 -0.002883000219589361 0.006581750353750018 -0.005682756223162552 -12.863855713421717 1 0026.jpg

31 0.999972216247703 0.0009831027474286646 0.006837122590618935 -0.002802498229264938 0.013195934407214097 0.03509797638216337 -13.812145311812381 1 0027.jpg

33 0.9999720961762432 0.00042790144995992095 0.0069212429204416216 -0.002778518611585982 0.005754782892091384 0.024902264827470866 -14.659620359034024 1 0028.jpg

35 0.9999714407738105 -0.0004747380637329152 0.007013724116765718 -0.0027748755888551066 0.005422705604594902 4.162792792902642e-05 -15.635004160499573 1 0029.jpg

37 0.9999728523017385 0.0010665964881369067 0.0067378005573925925 -0.002785511641516825 0.018913849399908714 0.04642302223778526 -16.58546796936571 1 0030.jpg

39 0.9999725388736582 0.000623077789278968 0.006899527083616256 -0.002632451074640781 0.006065450614978524 0.04014353776167562 -17.46364137247351 1 0031.jpg

41 0.9999732943483852 -0.0003570866970243812 0.006826773575901656 -0.002584229415398362 0.014570847221086472 0.005547202641181293 -18.454593313518597 1 0032.jpg

